%YAML:1.0
my_object:
   format: 3
   name: "BackgroundSubtractor.MOG2"
   history: 500
   nmixtures: 5
   backgroundRatio: 8.9999997615814209e-001
   varThreshold: 16.
   varThresholdGen: 9.
   varInit: 15.
   varMin: 4.
   varMax: 75.
   complexityReductionThreshold: 5.0000000745058060e-002
   detectShadows: 1
   shadowValue: 127
   shadowThreshold: 5.0000000000000000e-001
